55 55 85 85 330
127
1234567890123 46 5 9 61
1234567890124 63 50 95 62
1234567890121 91 38 13 10
1234567890126 2 49 95 59
1234567890119 42 28 116 115
1234567890128 85 50 6 124
1234567890117 21 51 93 106
1234567890130 49 72 99 41
1234567890115 62 7 75 83
1234567890132 95 91 95 140
1234567890113 13 21 107 55
1234567890134 25 50 41 23
1234567890111 96 50 95 89
1234567890136 34 74 79 146
1234567890109 36 15 148 35
1234567890138 66 2 10 125
1234567890107 47 26 117 12
1234567890140 36 27 7 66
1234567890105 81 42 125 23
1234567890142 7 54 62 102
1234567890103 44 25 136 28
1234567890144 39 64 137 110
1234567890101 69 15 81 44
1234567890146 92 100 97 40
1234567890099 55 20 63 106
1234567890148 97 51 49 116
1234567890097 67 12 65 108
1234567890150 88 66 19 1
1234567890095 99 35 49 99
1234567890152 94 65 18 90
1234567890093 99 38 147 9
1234567890154 99 73 63 113
1234567890091 58 1 51 140
1234567890156 56 59 129 8
1234567890089 59 91 138 19
1234567890158 74 96 58 67
1234567890087 90 21 1 134
1234567890160 60 24 148 50
1234567890085 22 21 60 75
1234567890162 24 32 48 112
1234567890083 43 32 127 4
1234567890164 53 50 139 103
1234567890081 60 95 13 32
1234567890166 34 56 11 92
1234567890079 63 71 71 82
1234567890168 59 91 35 147
1234567890077 49 57 45 51
1234567890170 73 91 27 148
1234567890075 12 31 104 7
1234567890172 96 26 106 55
1234567890073 89 92 21 94
1234567890174 7 62 147 56
1234567890071 77 29 99 12
1234567890176 84 21 76 130
1234567890069 8 90 89 16
1234567890178 14 66 111 75
1234567890067 84 68 150 125
1234567890180 60 92 45 8
1234567890065 81 3 103 114
1234567890182 93 31 120 136
1234567890063 9 94 136 108
1234567890184 90 70 54 91
1234567890061 40 17 90 14
1234567890186 82 79 99 89
1234567890059 93 66 47 2
1234567890188 82 57 106 150
1234567890057 86 3 115 121
1234567890190 62 86 21 96
1234567890055 51 14 145 72
1234567890192 98 97 35 12
1234567890053 4 89 5 58
1234567890194 77 51 73 127
1234567890051 88 3 88 148
1234567890196 67 32 125 110
1234567890049 70 18 118 111
1234567890198 45 51 75 47
1234567890047 9 94 148 22
1234567890200 96 66 75 70
1234567890045 72 11 5 126
1234567890202 67 9 102 19
1234567890043 33 9 27 139
1234567890204 85 31 73 11
1234567890041 15 30 88 48
1234567890206 43 54 46 139
1234567890039 6 90 79 44
1234567890208 37 43 63 33
1234567890037 36 40 20 16
1234567890210 82 83 91 88
1234567890035 11 65 126 121
1234567890212 73 72 60 16
1234567890033 17 72 61 11
1234567890214 19 26 130 116
1234567890031 81 10 82 41
1234567890216 40 98 24 10
1234567890029 98 86 41 92
1234567890218 21 6 82 97
1234567890027 16 9 113 55
1234567890220 31 76 27 31
1234567890025 89 32 133 47
1234567890222 5 1 63 63
1234567890023 89 18 64 35
1234567890224 89 2 121 4
1234567890021 80 12 119 84
1234567890226 46 12 102 4
1234567890019 61 29 72 21
1234567890228 26 68 56 5
1234567890017 59 48 12 22
1234567890230 95 17 13 108
1234567890015 98 29 141 12
1234567890232 33 31 51 58
1234567890013 19 36 69 140
1234567890234 87 40 13 107
1234567890011 74 68 2 64
1234567890236 92 73 62 78
1234567890009 72 14 67 66
1234567890238 53 13 137 120
1234567890007 94 13 40 78
1234567890240 88 64 98 111
1234567890005 65 25 64 76
1234567890242 37 34 114 146
1234567890003 98 21 109 48
1234567890244 26 23 96 133
1234567890001 88 77 126 130
1234567890246 4 33 127 11
1234567889999 78 91 1 4
1234567890248 36 83 82 140
1234567889997 87 4 40 124
