55 55 85 85 330
300
2234567890123 46 65 104 103
2234567890124 4 18 144 24
2234567890121 97 76 4 13
2234567890126 48 56 18 120
2234567890119 88 15 84 123
2234567890128 73 12 68 124
2234567890117 45 24 108 111
2234567890130 76 43 141 45
2234567890115 58 6 11 148
2234567890132 83 76 89 119
2234567890113 77 44 5 102
2234567890134 30 70 79 24
2234567890111 79 15 43 126
2234567890136 4 97 100 73
2234567890109 82 24 113 50
2234567890138 47 28 6 23
2234567890107 34 53 37 150
2234567890140 20 36 112 145
2234567890105 59 16 109 135
2234567890142 31 13 75 76
2234567890103 70 29 22 101
2234567890144 30 91 125 79
2234567890101 35 98 1 2
2234567890146 60 89 136 76
2234567890099 17 8 66 44
2234567890148 71 58 144 52
2234567890097 69 37 147 47
2234567890150 4 50 54 20
2234567890095 97 74 143 21
2234567890152 25 92 48 16
2234567890093 75 53 70 18
2234567890154 36 80 29 102
2234567890091 38 97 6 144
2234567890156 34 76 62 93
2234567890089 24 80 129 3
2234567890158 43 22 12 55
2234567890087 87 92 100 91
2234567890160 8 74 20 67
2234567890085 65 28 38 78
2234567890162 41 33 28 1
2234567890083 20 80 87 95
2234567890164 44 3 142 78
2234567890081 32 46 84 98
2234567890166 84 52 43 85
2234567890079 58 54 60 144
2234567890168 35 89 143 117
2234567890077 59 87 97 92
2234567890170 80 57 129 129
2234567890075 77 39 115 70
2234567890172 81 32 9 119
2234567890073 91 66 67 57
2234567890174 2 36 40 18
2234567890071 20 59 66 94
2234567890176 4 68 14 56
2234567890069 99 26 13 51
2234567890178 99 41 124 97
2234567890067 12 90 67 21
2234567890180 61 33 136 34
2234567890065 90 97 5 135
2234567890182 12 53 146 66
2234567890063 71 34 31 84
2234567890184 55 21 81 81
2234567890061 21 64 27 22
2234567890186 83 49 54 120
2234567890059 20 73 95 133
2234567890188 45 52 46 97
2234567890057 10 25 150 66
2234567890190 71 58 149 147
2234567890055 2 35 44 37
2234567890192 66 33 141 91
2234567890053 50 53 100 6
2234567890194 61 27 57 118
2234567890051 87 57 75 68
2234567890196 32 18 107 133
2234567890049 20 63 26 113
2234567890198 77 83 89 33
2234567890047 92 46 67 105
2234567890200 57 71 87 141
2234567890045 0 71 69 81
2234567890202 99 95 71 16
2234567890043 87 41 53 18
2234567890204 62 33 39 127
2234567890041 81 55 81 21
2234567890206 68 39 103 102
2234567890039 12 77 85 70
2234567890208 90 77 62 140
2234567890037 79 23 94 105
2234567890210 6 56 133 42
2234567890035 88 49 103 106
2234567890212 16 80 109 63
2234567890033 46 70 37 61
2234567890214 22 17 125 135
2234567890031 26 70 106 96
2234567890216 64 74 8 3
2234567890029 83 43 57 16
2234567890218 30 86 76 131
2234567890027 46 36 19 82
2234567890220 16 19 81 84
2234567890025 56 6 88 139
2234567890222 58 83 39 69
2234567890023 84 91 12 122
2234567890224 23 60 113 97
2234567890021 1 96 16 133
2234567890226 61 43 135 72
2234567890019 9 84 70 79
2234567890228 23 90 120 36
2234567890017 43 90 3 85
2234567890230 36 83 128 143
2234567890015 30 37 9 20
2234567890232 48 13 66 47
2234567890013 9 70 50 102
2234567890234 30 61 40 107
2234567890011 15 3 98 8
2234567890236 41 8 37 69
2234567890009 33 77 23 112
2234567890238 57 42 21 5
2234567890007 98 31 26 42
2234567890240 63 89 104 80
2234567890005 76 84 114 101
2234567890242 7 54 70 35
2234567890003 94 30 119 9
2234567890244 12 69 44 39
2234567890001 37 50 114 62
2234567890246 61 60 49 53
2234567889999 12 27 14 68
2234567890248 31 22 111 129
2234567889997 63 86 33 87
2234567890250 2 12 5 109
2234567889995 65 33 22 2
2234567890252 21 46 0 105
2234567889993 63 18 114 8
2234567890254 30 18 39 95
2234567889991 86 5 100 58
2234567890256 56 24 70 133
2234567889989 19 50 108 95
2234567890258 69 3 21 136
2234567889987 38 6 19 139
2234567890260 93 89 12 134
2234567889985 3 22 36 99
2234567890262 87 74 66 88
2234567889983 26 72 133 52
2234567890264 84 85 64 32
2234567889981 85 79 63 93
2234567890266 0 76 94 78
2234567889979 13 71 46 49
2234567890268 92 29 136 144
2234567889977 46 29 64 118
2234567890270 94 64 5 148
2234567889975 29 66 135 21
2234567890272 0 73 123 74
2234567889973 92 5 94 126
2234567890274 28 56 146 52
2234567889971 83 79 63 42
2234567890276 25 71 77 9
2234567889969 67 33 108 75
2234567890278 55 3 128 94
2234567889967 81 51 2 13
2234567890280 31 36 75 61
2234567889965 62 87 124 20
2234567890282 27 46 49 29
2234567889963 30 9 51 56
2234567890284 39 3 87 59
2234567889961 33 58 100 60
2234567890286 14 83 58 49
2234567889959 59 21 104 7
2234567890288 42 96 147 98
2234567889957 7 12 95 130
2234567890290 11 27 75 135
2234567889955 25 67 18 111
2234567890292 19 87 68 27
2234567889953 2 55 146 94
2234567890294 55 74 113 143
2234567889951 31 96 84 63
2234567890296 42 58 65 147
2234567889949 31 96 126 140
2234567890298 36 60 142 52
2234567889947 33 90 143 5
2234567890300 94 65 20 101
2234567889945 23 5 74 126
2234567890302 6 27 112 58
2234567889943 56 26 58 18
2234567890304 79 1 102 22
2234567889941 28 82 57 117
2234567890306 97 82 117 65
2234567889939 7 40 29 67
2234567890308 33 57 40 24
2234567889937 35 14 39 35
2234567890310 30 66 121 81
2234567889935 84 87 16 92
2234567890312 41 85 32 146
2234567889933 81 42 53 53
2234567890314 30 9 117 13
2234567889931 92 8 53 104
2234567890316 44 61 25 145
2234567889929 67 19 66 82
2234567890318 36 98 5 57
2234567889927 54 86 120 131
2234567890320 57 47 25 42
2234567889925 66 77 1 23
2234567890322 13 36 55 43
2234567889923 23 14 14 5
2234567890324 77 53 121 64
2234567889921 40 84 54 5
2234567890326 69 6 27 132
2234567889919 96 55 109 63
2234567890328 98 1 51 139
2234567889917 49 13 112 31
2234567890330 63 33 93 4
2234567889915 26 6 35 36
2234567890332 23 87 121 140
2234567889913 65 1 76 72
2234567890334 19 50 101 7
2234567889911 32 57 41 46
2234567890336 74 42 26 124
2234567889909 86 8 23 9
2234567890338 39 53 44 49
2234567889907 17 59 115 95
2234567890340 11 96 67 133
2234567889905 44 89 79 31
2234567890342 14 70 84 140
2234567889903 73 81 1 16
2234567890344 37 40 118 134
2234567889901 23 46 139 122
2234567890346 39 22 116 38
2234567889899 3 77 122 9
2234567890348 15 90 99 111
2234567889897 68 98 33 11
2234567890350 23 84 88 92
2234567889895 23 45 95 140
2234567890352 78 46 140 13
2234567889893 98 39 144 12
2234567890354 3 49 18 135
2234567889891 82 91 101 134
2234567890356 45 57 5 144
2234567889889 20 4 81 69
2234567890358 55 88 18 28
2234567889887 73 94 4 65
2234567890360 29 86 6 60
2234567889885 40 28 42 1
2234567890362 10 16 6 57
2234567889883 43 63 118 5
2234567890364 54 65 124 9
2234567889881 74 11 89 42
2234567890366 61 54 30 121
2234567889879 7 4 31 116
2234567890368 64 66 28 128
2234567889877 66 81 12 41
2234567890370 82 88 134 128
2234567889875 64 81 115 140
2234567890372 37 59 141 85
2234567889873 95 53 99 148
2234567890374 33 35 78 94
2234567889871 1 77 54 98
2234567890376 97 72 15 74
2234567889869 88 95 105 15
2234567890378 80 5 107 76
2234567889867 14 60 55 82
2234567890380 26 60 140 8
2234567889865 36 90 23 83
2234567890382 1 62 66 128
2234567889863 17 42 124 48
2234567890384 81 63 25 62
2234567889861 4 95 97 33
2234567890386 5 86 25 83
2234567889859 55 45 76 59
2234567890388 98 71 4 17
2234567889857 43 10 98 73
2234567890390 39 41 143 107
2234567889855 13 59 14 80
2234567890392 11 82 65 107
2234567889853 5 35 87 137
2234567890394 2 29 88 36
2234567889851 36 8 39 73
2234567890396 66 70 13 58
2234567889849 52 32 136 125
2234567890398 58 60 109 72
2234567889847 34 13 123 89
2234567890400 24 45 91 83
2234567889845 72 94 47 148
2234567890402 51 8 147 127
2234567889843 100 51 127 61
2234567890404 86 15 97 79
2234567889841 90 1 120 24
2234567890406 13 82 11 67
2234567889839 17 21 121 50
2234567890408 96 50 6 16
2234567889837 78 84 122 117
2234567890410 79 78 146 103
2234567889835 77 3 99 36
2234567890412 56 42 134 34
2234567889833 73 89 56 85
2234567890414 98 50 147 139
2234567889831 89 24 3 15
2234567890416 42 71 112 86
2234567889829 85 40 31 23
2234567890418 48 69 132 14
2234567889827 92 19 36 92
2234567890420 13 64 101 32
2234567889825 10 99 127 104
2234567890422 47 86 11 43
