55 55 85 85 200
300
0234567890123 47 41 33 110
0234567890124 20 57 35 21
0234567890121 64 31 123 22
0234567890126 88 28 89 91
0234567890119 71 46 11 19
0234567890128 41 38 11 69
0234567890117 51 42 148 55
0234567890130 48 42 9 49
0234567890115 71 38 63 25
0234567890132 65 54 132 28
0234567890113 64 69 44 116
0234567890134 18 83 83 3
0234567890111 19 14 134 64
0234567890136 4 41 104 23
0234567890109 87 77 53 142
0234567890138 2 3 80 25
0234567890107 100 34 36 4
0234567890140 96 45 12 77
0234567890105 99 46 35 13
0234567890142 14 25 53 98
0234567890103 76 30 149 120
0234567890144 73 43 121 137
0234567890101 33 91 12 27
0234567890146 41 54 125 137
0234567890099 44 23 10 58
0234567890148 16 50 62 92
0234567890097 42 67 110 12
0234567890150 4 96 136 7
0234567890095 4 34 60 60
0234567890152 25 37 133 88
0234567890093 62 87 58 97
0234567890154 20 62 36 140
0234567890091 17 93 86 75
0234567890156 78 35 38 99
0234567890089 71 29 24 134
0234567890158 68 84 133 59
0234567890087 69 57 65 82
0234567890160 92 56 29 98
0234567890085 54 55 116 11
0234567890162 45 31 127 40
0234567890083 34 18 107 111
0234567890164 89 1 109 71
0234567890081 64 18 23 126
0234567890166 37 14 114 85
0234567890079 37 20 102 107
0234567890168 56 74 114 39
0234567890077 88 77 6 52
0234567890170 75 8 74 89
0234567890075 15 67 108 100
0234567890172 9 94 116 78
0234567890073 4 11 97 58
0234567890174 99 54 116 11
0234567890071 79 38 2 78
0234567890176 55 6 60 32
0234567890069 49 27 38 76
0234567890178 22 80 122 39
0234567890067 81 98 16 148
0234567890180 53 97 13 140
0234567890065 77 76 127 22
0234567890182 92 10 143 12
0234567890063 70 12 88 113
0234567890184 79 6 106 146
0234567890061 25 67 114 113
0234567890186 54 76 36 39
0234567890059 59 58 101 84
0234567890188 86 37 25 76
0234567890057 72 73 38 135
0234567890190 10 31 16 63
0234567890055 86 37 127 52
0234567890192 70 71 9 98
0234567890053 5 51 29 65
0234567890194 87 63 144 37
0234567890051 77 88 74 59
0234567890196 28 80 41 101
0234567890049 79 50 95 87
0234567890198 96 5 123 86
0234567890047 8 97 75 62
0234567890200 25 37 94 4
0234567890045 83 25 70 10
0234567890202 95 50 143 80
0234567890043 67 16 138 102
0234567890204 52 31 70 81
0234567890041 96 48 6 40
0234567890206 50 62 71 101
0234567890039 18 67 84 28
0234567890208 93 80 50 78
0234567890037 55 23 116 46
0234567890210 2 88 148 13
0234567890035 64 63 91 111
0234567890212 84 39 85 130
0234567890033 18 96 121 31
0234567890214 24 72 31 79
0234567890031 4 13 43 13
0234567890216 78 18 137 33
0234567890029 22 70 89 148
0234567890218 87 66 89 80
0234567890027 5 40 70 8
0234567890220 3 91 28 9
0234567890025 49 16 83 121
0234567890222 22 45 144 86
0234567890023 55 90 39 101
0234567890224 33 10 130 129
0234567890021 86 84 103 13
0234567890226 81 16 16 22
0234567890019 32 48 105 42
0234567890228 41 16 110 28
0234567890017 92 19 27 94
0234567890230 2 33 67 139
0234567890015 64 46 48 100
0234567890232 68 54 72 126
0234567890013 54 72 12 110
0234567890234 69 8 94 131
0234567890011 90 80 120 30
0234567890236 83 84 55 147
0234567890009 55 9 130 55
0234567890238 76 26 24 53
0234567890007 26 19 88 142
0234567890240 46 91 122 33
0234567890005 33 30 16 34
0234567890242 88 55 6 43
0234567890003 25 19 78 118
0234567890244 68 2 8 121
0234567890001 48 77 10 135
0234567890246 7 59 56 40
0234567889999 41 36 69 82
0234567890248 80 99 108 105
0234567889997 38 48 53 0
0234567890250 29 10 2 98
0234567889995 88 38 137 20
0234567890252 87 24 78 108
0234567889993 86 8 78 39
0234567890254 12 3 23 112
0234567889991 10 16 96 98
0234567890256 38 99 124 98
0234567889989 82 4 107 101
0234567890258 36 66 149 131
0234567889987 33 0 45 79
0234567890260 85 38 45 60
0234567889985 85 76 39 93
0234567890262 63 73 50 79
0234567889983 38 69 12 92
0234567890264 44 54 80 14
0234567889981 84 68 51 150
0234567890266 5 57 32 75
0234567889979 17 62 45 56
0234567890268 59 77 102 31
0234567889977 65 45 88 49
0234567890270 83 23 80 149
0234567889975 35 95 6 140
0234567890272 69 65 7 106
0234567889973 67 1 104 134
0234567890274 88 58 102 113
0234567889971 98 68 119 40
0234567890276 62 14 112 22
0234567889969 49 72 12 130
0234567890278 48 47 24 29
0234567889967 11 83 8 41
0234567890280 42 74 49 123
0234567889965 54 52 72 64
0234567890282 87 84 29 77
0234567889963 41 54 144 140
0234567890284 95 61 55 131
0234567889961 65 2 91 134
0234567890286 89 82 58 124
0234567889959 82 17 138 65
0234567890288 44 66 19 64
0234567889957 73 63 109 125
0234567890290 58 90 48 45
0234567889955 12 47 36 41
0234567890292 18 71 27 107
0234567889953 40 72 48 32
0234567890294 87 3 28 38
0234567889951 64 67 111 60
0234567890296 9 62 149 26
0234567889949 57 67 106 75
0234567890298 12 74 62 46
0234567889947 79 63 57 50
0234567890300 39 39 91 95
0234567889945 8 9 97 119
0234567890302 80 28 45 73
0234567889943 78 96 134 44
0234567890304 22 30 34 55
0234567889941 37 86 149 144
0234567890306 10 73 93 56
0234567889939 16 12 58 48
0234567890308 23 0 129 41
0234567889937 5 32 44 112
0234567890310 56 13 39 30
0234567889935 49 57 3 60
0234567890312 24 72 140 144
0234567889933 53 34 66 137
0234567890314 69 63 127 149
0234567889931 97 90 84 89
0234567890316 86 29 139 137
0234567889929 69 48 39 53
0234567890318 58 58 55 106
0234567889927 4 94 10 24
0234567890320 9 35 148 86
0234567889925 44 13 26 32
0234567890322 57 65 119 49
0234567889923 2 88 72 101
0234567890324 97 42 86 75
0234567889921 42 58 121 6
0234567890326 82 99 106 1
0234567889919 73 42 38 25
0234567890328 21 6 8 71
0234567889917 54 20 92 131
0234567890330 96 36 141 28
0234567889915 11 85 150 35
0234567890332 80 96 52 95
0234567889913 69 51 75 60
0234567890334 75 18 25 109
0234567889911 88 24 11 25
0234567890336 62 11 85 89
0234567889909 29 38 68 9
0234567890338 62 76 83 5
0234567889907 11 52 38 15
0234567890340 10 88 88 86
0234567889905 98 8 26 27
0234567890342 39 34 57 26
0234567889903 88 58 47 12
0234567890344 82 18 112 78
0234567889901 19 45 101 14
0234567890346 83 26 100 149
0234567889899 89 48 102 39
0234567890348 16 56 61 34
0234567889897 81 99 140 41
0234567890350 30 7 118 42
0234567889895 10 49 5 145
0234567890352 89 35 91 72
0234567889893 77 5 78 67
0234567890354 39 66 16 127
0234567889891 35 27 145 129
0234567890356 81 78 103 25
0234567889889 72 87 28 111
0234567890358 55 39 91 101
0234567889887 98 95 86 7
0234567890360 40 11 138 58
0234567889885 59 77 80 115
0234567890362 66 18 73 4
0234567889883 45 29 15 30
0234567890364 40 74 17 92
0234567889881 28 24 91 119
0234567890366 75 71 124 91
0234567889879 98 82 83 104
0234567890368 47 35 39 117
0234567889877 24 8 81 126
0234567890370 52 45 27 95
0234567889875 16 89 52 109
0234567890372 80 3 21 67
0234567889873 11 53 24 121
0234567890374 4 86 34 0
0234567889871 59 89 134 67
0234567890376 75 39 145 132
0234567889869 34 36 95 91
0234567890378 36 48 54 60
0234567889867 48 29 38 10
0234567890380 45 67 1 31
0234567889865 83 6 13 45
0234567890382 11 7 54 65
0234567889863 32 84 115 149
0234567890384 43 91 27 81
0234567889861 55 91 31 27
0234567890386 13 71 147 112
0234567889859 45 64 97 146
0234567890388 27 5 109 14
0234567889857 13 10 135 143
0234567890390 14 97 86 21
0234567889855 73 28 97 27
0234567890392 21 4 119 44
0234567889853 54 91 136 123
0234567890394 30 99 114 109
0234567889851 14 98 96 56
0234567890396 76 100 15 142
0234567889849 70 78 63 92
0234567890398 88 62 148 1
0234567889847 41 69 42 2
0234567890400 35 30 77 47
0234567889845 5 47 104 140
0234567890402 87 55 32 8
0234567889843 64 26 92 54
0234567890404 92 73 107 42
0234567889841 26 17 107 40
0234567890406 60 45 75 87
0234567889839 96 50 105 96
0234567890408 60 61 120 65
0234567889837 81 60 118 15
0234567890410 37 6 96 16
0234567889835 9 35 37 23
0234567890412 29 89 139 37
0234567889833 59 21 25 10
0234567890414 8 33 118 9
0234567889831 3 0 33 58
0234567890416 29 30 137 22
0234567889829 60 22 103 7
0234567890418 86 56 15 137
0234567889827 65 1 73 23
0234567890420 94 49 133 101
0234567889825 49 78 61 48
0234567890422 67 51 49 46
