25 25 55 55 200
300
0034567890123 47 29 101 24
0034567890124 82 9 35 40
0034567890121 22 37 109 26
0034567890126 7 89 122 108
0034567890119 90 27 37 30
0034567890128 72 30 104 143
0034567890117 86 51 96 139
0034567890130 88 49 148 131
0034567890115 63 86 118 48
0034567890132 97 31 122 146
0034567890113 10 55 42 113
0034567890134 25 63 64 4
0034567890111 43 61 56 45
0034567890136 10 74 135 139
0034567890109 56 41 76 15
0034567890138 74 92 75 96
0034567890107 31 25 66 136
0034567890140 72 8 95 45
0034567890105 17 7 11 106
0034567890142 100 63 73 58
0034567890103 65 37 128 78
0034567890144 59 33 29 15
0034567890101 32 15 117 39
0034567890146 93 38 109 115
0034567890099 37 4 14 115
0034567890148 77 60 54 71
0034567890097 96 55 83 145
0034567890150 78 71 113 110
0034567890095 1 41 52 18
0034567890152 72 77 103 51
0034567890093 76 9 92 34
0034567890154 27 73 60 49
0034567890091 87 37 94 82
0034567890156 45 9 86 2
0034567890089 20 12 85 35
0034567890158 72 73 139 41
0034567890087 14 13 139 18
0034567890160 64 81 64 122
0034567890085 68 14 83 90
0034567890162 20 83 23 99
0034567890083 0 90 47 98
0034567890164 76 80 114 108
0034567890081 73 44 54 149
0034567890166 62 57 87 75
0034567890079 80 45 11 49
0034567890168 19 21 51 143
0034567890077 2 72 84 113
0034567890170 86 58 77 61
0034567890075 12 81 125 44
0034567890172 36 2 45 99
0034567890073 57 72 91 78
0034567890174 91 15 31 28
0034567890071 93 82 102 50
0034567890176 86 77 41 71
0034567890069 86 81 149 128
0034567890178 0 92 142 72
0034567890067 73 82 42 67
0034567890180 56 7 76 29
0034567890065 91 67 54 129
0034567890182 70 43 31 57
0034567890063 63 22 5 76
0034567890184 77 33 147 57
0034567890061 46 88 94 125
0034567890186 6 81 118 11
0034567890059 50 18 23 130
0034567890188 32 30 85 146
0034567890057 7 56 16 127
0034567890190 74 38 133 64
0034567890055 12 18 126 150
0034567890192 72 75 18 142
0034567890053 24 97 95 63
0034567890194 12 26 44 99
0034567890051 26 69 53 15
0034567890196 27 9 91 136
0034567890049 54 18 107 14
0034567890198 45 2 69 140
0034567890047 82 75 29 112
0034567890200 17 94 37 110
0034567890045 74 64 90 16
0034567890202 93 29 97 0
0034567890043 98 64 28 71
0034567890204 68 84 94 30
0034567890041 95 85 70 149
0034567890206 89 40 6 121
0034567890039 28 49 93 68
0034567890208 22 81 125 89
0034567890037 71 96 77 29
0034567890210 87 97 135 20
0034567890035 79 89 56 13
0034567890212 50 0 84 51
0034567890033 12 42 10 107
0034567890214 78 58 97 32
0034567890031 21 53 4 94
0034567890216 64 32 38 97
0034567890029 0 56 114 110
0034567890218 0 37 5 56
0034567890027 99 81 4 124
0034567890220 31 5 34 14
0034567890025 99 27 91 33
0034567890222 52 67 33 94
0034567890023 49 50 112 81
0034567890224 84 47 118 44
0034567890021 66 59 23 87
0034567890226 4 63 141 49
0034567890019 4 31 102 54
0034567890228 36 49 55 75
0034567890017 68 33 89 38
0034567890230 13 82 89 117
0034567890015 13 57 76 37
0034567890232 91 27 95 34
0034567890013 88 72 134 54
0034567890234 34 90 59 131
0034567890011 52 83 40 21
0034567890236 56 85 93 133
0034567890009 45 4 140 48
0034567890238 31 19 75 105
0034567890007 32 46 66 88
0034567890240 57 78 131 61
0034567890005 0 18 90 72
0034567890242 93 36 16 27
0034567890003 20 33 18 58
0034567890244 47 71 81 130
0034567890001 73 37 141 109
0034567890246 41 98 89 104
0034567889999 41 40 15 28
0034567890248 22 8 77 14
0034567889997 52 70 42 20
0034567890250 48 23 100 103
0034567889995 99 33 150 19
0034567890252 31 67 85 49
0034567889993 10 83 52 84
0034567890254 44 43 66 50
0034567889991 87 15 63 67
0034567890256 90 28 69 122
0034567889989 11 56 56 44
0034567890258 34 75 88 18
0034567889987 98 85 7 20
0034567890260 95 34 10 66
0034567889985 29 48 41 101
0034567890262 6 79 72 74
0034567889983 37 1 116 81
0034567890264 31 53 78 56
0034567889981 57 57 106 106
0034567890266 48 21 43 73
0034567889979 38 45 124 149
0034567890268 91 40 46 99
0034567889977 20 86 39 107
0034567890270 58 37 15 49
0034567889975 71 81 137 66
0034567890272 81 1 63 131
0034567889973 88 5 78 138
0034567890274 56 92 12 12
0034567889971 59 23 46 9
0034567890276 38 54 69 108
0034567889969 88 10 37 16
0034567890278 98 48 85 39
0034567889967 86 92 1 134
0034567890280 41 92 117 102
0034567889965 17 89 68 35
0034567890282 88 21 30 69
0034567889963 14 82 127 70
0034567890284 22 48 90 95
0034567889961 53 82 87 9
0034567890286 90 48 8 149
0034567889959 92 22 94 63
0034567890288 79 51 20 68
0034567889957 71 48 85 113
0034567890290 41 46 115 73
0034567889955 73 37 35 19
0034567890292 90 97 107 104
0034567889953 51 19 2 84
0034567890294 62 77 98 79
0034567889951 19 13 114 49
0034567890296 26 5 138 20
0034567889949 95 74 46 54
0034567890298 74 7 125 43
0034567889947 21 57 97 112
0034567890300 60 81 104 72
0034567889945 35 91 107 56
0034567890302 8 75 54 20
0034567889943 8 62 119 107
0034567890304 82 83 72 140
0034567889941 49 15 81 106
0034567890306 17 48 51 42
0034567889939 60 65 102 120
0034567890308 12 81 51 128
0034567889937 71 20 37 8
0034567890310 89 89 10 55
0034567889935 20 16 77 66
0034567890312 10 19 10 54
0034567889933 7 70 82 36
0034567890314 60 15 21 23
0034567889931 6 35 49 82
0034567890316 92 81 52 143
0034567889929 43 82 86 139
0034567890318 29 65 88 9
0034567889927 28 78 19 24
0034567890320 39 50 126 27
0034567889925 61 90 148 27
0034567890322 64 58 149 132
0034567889923 92 96 149 6
0034567890324 13 71 49 30
0034567889921 49 6 13 17
0034567890326 21 57 93 50
0034567889919 22 2 35 47
0034567890328 66 15 128 70
0034567889917 16 83 143 78
0034567890330 52 30 83 109
0034567889915 65 29 73 14
0034567890332 53 40 120 45
0034567889913 3 75 85 75
0034567890334 20 17 119 87
0034567889911 8 96 128 16
0034567890336 49 56 12 83
0034567889909 96 5 140 9
0034567890338 13 87 61 35
0034567889907 88 68 3 47
0034567890340 56 84 29 34
0034567889905 36 24 31 115
0034567890342 51 4 94 72
0034567889903 8 21 59 80
0034567890344 17 21 59 11
0034567889901 37 70 123 53
0034567890346 3 87 2 31
0034567889899 42 2 32 13
0034567890348 30 100 123 38
0034567889897 93 40 90 55
0034567890350 100 77 82 149
0034567889895 57 92 103 57
0034567890352 61 56 87 140
0034567889893 94 43 137 113
0034567890354 43 94 116 114
0034567889891 20 70 15 87
0034567890356 51 88 139 139
0034567889889 36 66 113 80
0034567890358 21 2 135 55
0034567889887 10 75 144 29
0034567890360 38 16 49 47
0034567889885 35 40 138 59
0034567890362 20 73 144 40
0034567889883 33 67 16 111
0034567890364 59 51 97 10
0034567889881 40 97 12 45
0034567890366 34 45 138 17
0034567889879 34 91 128 49
0034567890368 72 54 34 102
0034567889877 44 34 143 25
0034567890370 84 91 117 59
0034567889875 7 40 13 45
0034567890372 61 98 5 118
0034567889873 98 79 59 68
0034567890374 24 76 113 7
0034567889871 13 14 61 132
0034567890376 52 30 116 119
0034567889869 22 49 81 117
0034567890378 56 21 50 13
0034567889867 84 88 40 116
0034567890380 27 36 5 72
0034567889865 19 14 138 87
0034567890382 41 68 69 36
0034567889863 46 71 11 116
0034567890384 32 4 58 101
0034567889861 85 62 90 104
0034567890386 17 37 94 85
0034567889859 21 66 47 66
0034567890388 95 81 77 122
0034567889857 26 57 42 5
0034567890390 2 97 0 11
0034567889855 48 40 106 103
0034567890392 33 41 55 95
0034567889853 64 4 69 26
0034567890394 17 18 86 52
0034567889851 90 79 43 59
0034567890396 68 47 36 111
0034567889849 58 13 78 146
0034567890398 89 43 37 28
0034567889847 50 56 85 11
0034567890400 39 9 141 41
0034567889845 7 59 131 36
0034567890402 70 44 149 33
0034567889843 81 88 96 70
0034567890404 15 54 132 74
0034567889841 70 44 12 47
0034567890406 48 88 144 77
0034567889839 99 3 48 28
0034567890408 4 79 34 68
0034567889837 75 63 146 108
0034567890410 57 99 92 36
0034567889835 97 3 38 47
0034567890412 69 24 1 89
0034567889833 33 63 120 115
0034567890414 93 18 125 39
0034567889831 56 22 8 8
0034567890416 42 25 39 52
0034567889829 48 6 47 30
0034567890418 24 70 10 115
0034567889827 59 93 61 51
0034567890420 32 83 18 124
0034567889825 33 36 141 122
0034567890422 3 22 67 137
