35 35 45 45 250
300
9034567890123 47 81 72 68
9034567890124 94 57 148 101
9034567890121 84 93 89 32
9034567890126 66 53 68 10
9034567890119 63 57 130 3
9034567890128 83 100 148 24
9034567890117 79 30 75 76
9034567890130 73 53 96 87
9034567890115 96 62 71 22
9034567890132 79 42 130 144
9034567890113 37 53 3 115
9034567890134 93 54 3 48
9034567890111 73 58 35 111
9034567890136 14 78 8 150
9034567890109 37 68 121 111
9034567890138 7 9 46 44
9034567890107 40 45 135 25
9034567890140 82 21 67 101
9034567890105 9 24 21 28
9034567890142 85 93 78 89
9034567890103 27 75 106 57
9034567890144 98 11 16 3
9034567890101 97 28 90 5
9034567890146 55 16 95 71
9034567890099 9 63 148 8
9034567890148 66 31 122 121
9034567890097 23 57 103 72
9034567890150 60 37 26 75
9034567890095 69 100 118 103
9034567890152 36 19 112 101
9034567890093 48 69 60 19
9034567890154 25 74 129 100
9034567890091 61 65 76 114
9034567890156 71 78 11 40
9034567890089 34 17 140 13
9034567890158 17 19 33 81
9034567890087 71 40 76 122
9034567890160 7 91 90 49
9034567890085 8 63 37 21
9034567890162 5 50 36 51
9034567890083 83 17 113 95
9034567890164 16 32 56 130
9034567890081 22 86 105 124
9034567890166 29 40 142 19
9034567890079 35 17 64 48
9034567890168 69 80 49 37
9034567890077 21 99 105 91
9034567890170 58 74 11 129
9034567890075 89 99 84 67
9034567890172 97 29 134 49
9034567890073 97 60 47 142
9034567890174 52 62 100 87
9034567890071 89 71 97 26
9034567890176 56 3 94 89
9034567890069 60 84 131 71
9034567890178 26 46 104 74
9034567890067 24 7 43 55
9034567890180 88 69 126 41
9034567890065 96 54 96 13
9034567890182 15 17 106 20
9034567890063 91 55 119 111
9034567890184 83 46 33 69
9034567890061 29 37 60 13
9034567890186 31 27 66 65
9034567890059 57 54 123 145
9034567890188 42 20 68 36
9034567890057 85 94 13 45
9034567890190 30 1 67 137
9034567890055 24 40 2 120
9034567890192 41 58 129 123
9034567890053 55 94 66 31
9034567890194 71 47 107 113
9034567890051 88 66 89 33
9034567890196 91 15 1 99
9034567890049 56 25 88 7
9034567890198 83 75 44 144
9034567890047 4 10 1 80
9034567890200 0 54 51 85
9034567890045 96 8 104 147
9034567890202 23 1 140 68
9034567890043 45 88 83 78
9034567890204 42 52 120 131
9034567890041 33 7 88 28
9034567890206 42 66 102 33
9034567890039 69 67 149 81
9034567890208 9 16 70 76
9034567890037 40 45 58 148
9034567890210 42 46 81 65
9034567890035 81 78 28 99
9034567890212 82 94 25 21
9034567890033 65 14 15 148
9034567890214 48 67 10 83
9034567890031 92 27 108 121
9034567890216 92 90 15 49
9034567890029 99 89 42 29
9034567890218 62 11 3 73
9034567890027 82 10 77 126
9034567890220 78 72 70 92
9034567890025 30 38 95 19
9034567890222 26 36 144 106
9034567890023 68 22 70 111
9034567890224 55 88 16 98
9034567890021 15 38 99 146
9034567890226 92 85 134 51
9034567890019 59 74 11 100
9034567890228 72 80 16 53
9034567890017 35 85 38 104
9034567890230 76 98 133 52
9034567890015 24 1 8 22
9034567890232 79 89 62 148
9034567890013 60 7 53 19
9034567890234 23 26 104 90
9034567890011 51 77 143 22
9034567890236 86 79 75 50
9034567890009 13 77 82 25
9034567890238 75 43 60 6
9034567890007 13 27 123 36
9034567890240 26 37 143 115
9034567890005 30 26 106 125
9034567890242 23 57 1 119
9034567890003 26 39 115 105
9034567890244 19 95 17 63
9034567890001 26 52 94 66
9034567890246 80 25 14 41
9034567889999 17 79 97 97
9034567890248 34 39 105 45
9034567889997 54 39 92 104
9034567890250 36 64 64 53
9034567889995 81 98 97 23
9034567890252 49 21 65 61
9034567889993 67 63 22 124
9034567890254 26 65 89 64
9034567889991 47 51 140 59
9034567890256 19 72 99 126
9034567889989 84 9 72 108
9034567890258 87 2 91 91
9034567889987 39 6 41 111
9034567890260 32 15 148 146
9034567889985 52 80 43 4
9034567890262 26 50 82 118
9034567889983 41 55 95 137
9034567890264 76 76 132 78
9034567889981 5 12 39 46
9034567890266 78 91 30 121
9034567889979 53 30 127 14
9034567890268 1 98 47 107
9034567889977 30 86 114 22
9034567890270 71 32 97 83
9034567889975 64 15 31 7
9034567890272 79 56 61 58
9034567889973 27 40 64 43
9034567890274 88 15 138 15
9034567889971 4 56 15 38
9034567890276 68 61 2 19
9034567889969 75 82 121 108
9034567890278 30 30 91 123
9034567889967 12 75 98 5
9034567890280 78 84 54 59
9034567889965 89 2 148 131
9034567890282 76 25 73 80
9034567889963 99 82 46 101
9034567890284 25 58 103 94
9034567889961 89 84 31 100
9034567890286 50 25 25 90
9034567889959 7 90 76 80
9034567890288 2 98 128 60
9034567889957 58 21 73 104
9034567890290 78 38 101 12
9034567889955 75 24 40 31
9034567890292 39 9 147 78
9034567889953 5 23 39 47
9034567890294 56 68 17 122
9034567889951 100 34 125 91
9034567890296 60 1 9 26
9034567889949 29 36 149 119
9034567890298 8 34 41 89
9034567889947 98 11 45 18
9034567890300 56 0 87 5
9034567889945 81 47 122 61
9034567890302 52 73 38 40
9034567889943 69 96 34 107
9034567890304 36 61 25 58
9034567889941 26 3 17 91
9034567890306 59 62 15 129
9034567889939 59 92 41 11
9034567890308 1 82 28 42
9034567889937 5 18 33 13
9034567890310 19 21 64 105
9034567889935 22 79 122 109
9034567890312 95 13 60 93
9034567889933 100 91 147 147
9034567890314 1 34 4 83
9034567889931 81 26 86 23
9034567890316 76 72 82 45
9034567889929 93 14 59 137
9034567890318 17 57 77 111
9034567889927 93 3 38 139
9034567890320 77 56 1 52
9034567889925 31 87 38 26
9034567890322 83 30 140 40
9034567889923 12 93 20 125
9034567890324 64 53 63 4
9034567889921 87 30 114 124
9034567890326 84 93 61 139
9034567889919 47 4 110 149
9034567890328 3 56 43 146
9034567889917 26 93 20 126
9034567890330 33 94 111 72
9034567889915 29 85 60 149
9034567890332 21 73 93 46
9034567889913 61 75 41 31
9034567890334 36 5 7 106
9034567889911 73 33 145 2
9034567890336 70 43 83 118
9034567889909 22 27 53 9
9034567890338 55 35 59 90
9034567889907 38 10 54 141
9034567890340 86 46 146 134
9034567889905 14 74 66 122
9034567890342 67 38 60 65
9034567889903 92 56 32 74
9034567890344 55 15 22 149
9034567889901 82 20 24 43
9034567890346 31 30 132 139
9034567889899 73 95 79 55
9034567890348 74 51 52 65
9034567889897 73 68 42 124
9034567890350 49 99 69 54
9034567889895 51 55 38 50
9034567890352 12 34 69 105
9034567889893 98 23 54 62
9034567890354 25 19 31 102
9034567889891 94 77 143 57
9034567890356 77 34 95 75
9034567889889 95 13 53 124
9034567890358 32 62 39 98
9034567889887 26 28 60 125
9034567890360 74 28 134 139
9034567889885 91 98 39 109
9034567890362 74 10 64 146
9034567889883 93 14 33 73
9034567890364 68 6 114 84
9034567889881 65 83 110 121
9034567890366 45 67 128 58
9034567889879 21 90 75 108
9034567890368 50 90 134 89
9034567889877 10 27 108 136
9034567890370 96 74 92 124
9034567889875 86 76 65 92
9034567890372 95 42 104 147
9034567889873 95 63 8 23
9034567890374 95 19 51 80
9034567889871 68 69 139 16
9034567890376 29 79 141 79
9034567889869 30 4 18 10
9034567890378 88 51 130 26
9034567889867 20 51 36 12
9034567890380 87 85 62 7
9034567889865 25 59 68 102
9034567890382 65 90 125 146
9034567889863 26 9 89 78
9034567890384 79 22 79 70
9034567889861 56 41 57 104
9034567890386 22 43 49 127
9034567889859 68 41 121 93
9034567890388 49 43 141 143
9034567889857 24 88 93 87
9034567890390 20 15 74 76
9034567889855 85 71 139 135
9034567890392 43 6 30 8
9034567889853 21 65 141 106
9034567890394 50 21 25 89
9034567889851 34 64 126 54
9034567890396 66 88 50 119
9034567889849 89 85 114 71
9034567890398 99 97 76 123
9034567889847 59 32 136 88
9034567890400 46 90 78 124
9034567889845 86 17 118 64
9034567890402 4 18 88 9
9034567889843 47 53 87 129
9034567890404 98 60 101 84
9034567889841 45 1 94 58
9034567890406 22 4 12 77
9034567889839 95 82 5 48
9034567890408 87 95 14 37
9034567889837 39 57 64 86
9034567890410 90 36 123 120
9034567889835 67 60 118 8
9034567890412 87 63 11 24
9034567889833 44 1 73 110
9034567890414 86 69 70 15
9034567889831 63 29 51 38
9034567890416 47 8 82 101
9034567889829 99 57 134 40
9034567890418 95 42 18 42
9034567889827 79 47 115 47
9034567890420 51 67 102 62
9034567889825 69 67 21 53
9034567890422 67 91 142 149
